⠀⠀⠀⠀⠀⠀⠀⠀⠀⠀⠀⠀⠀⠀⠀⠀⠀⠀⠀⠀⠀⠀⠀⠀⠀⠀[38;2;239;146;104m⢀⣤⣤⡤⠀⠀⠀⠀⠀⠀⠀⠀⠀⠀⠀⠀⠀⠀⠀⠀⠀⠀⠀⠀⠀⠀⠀⠀⠀⠀[0m
⠀⠀⠀⠀⠀⠀⠀⠀⠀⠀[38;2;220;180;115m⠈⠀⠀⠀⠀⠀⢀⡀⠀⠀⠀⠀⠀⠀⠀[38;2;239;146;104m⣰⣿⣿⣿⠁⠀⠀⠀⠀⠀⠀⠀⠀⠀⠀⠀⠀⠀⠀⠀[38;2;220;180;115m⠘⠀⠀⠀⠀⠀⠀⠀⠀⠀⠀[0m
⠀⠀⠀⠀⠀⠀⠀⠀⠀⠀⠀⠀⠀⠀⠀⠀[38;2;220;180;115m⠻⠟⠀⠀⠀⠀⠀⠀⠀[38;2;239;146;104m⢿⣿⣿⣿⡆⠀⠀⠀⠀⠀⠀⠀⠀⠀⠀[38;2;220;180;115m⣤⠀⠀⠀⠀⠀⠀⠀⠀⠀⠀⠀⠀⠀⠀⠀[0m
⠀⠀⠀[38;2;153;144;176m⣀[38;2;197;143;184m⣀⣀⣀⡀⠀⠀⠀⠀⠀⠀⠀⠀⠀⠀⠀⠀⠀⠀⠀⠀⠀[38;2;239;146;104m⠈⠻⢿⣿⣿⠦⠀⠀⠀⠀⠀⠀⠀⠀⠀[38;2;220;180;115m⠁⠀⠀⠀⠀⠀⠀⠀[38;2;197;143;184m⢀⣀⣀⣀⣀⠀⠀⠀[0m
⠀⠀⠀[38;2;156;190;128m⢸⣿⣿⣿⣿⣿[38;2;197;143;184m⣿⣶⣶⣤⣄⣀⠀⠀⠀⠀⠀⠀⠀⠀⠀[38;2;220;180;115m⢠⡀⠀⠀⠀⠀⢀⡄⠀⠀⠀⠀⠀⠀⠀⠀⠀[38;2;197;143;184m⣀⣠⣤⣶⣶⣿[38;2;156;190;128m⣿⣿⣿⣿⣿⡇⠀⠀⠀[0m
⠀⠀⠀⠀[38;2;156;190;128m⢿⣿⣧⠀⠤⣭⣉⣛⠛⠿⢿⣿[38;2;197;143;184m⣿⣶⣤⣄⣀⠀⠀⠀[38;2;220;180;115m⢸⢹⣧⠀⠀⣼⡏⡇⠀⠀⠀[38;2;197;143;184m⣀⣠⣤⣶⣿[38;2;156;190;128m⣿⡿⠿⠛⣛⣉⣭⠤⠀⣼⣿⡿⠀⠀⠀⠀[0m
⠀⠀⠀⠀[38;2;156;190;128m⠈⢿⣿⣷⡀⠀⠀⠈⠉⠙⠒⣲⣭⣽⣛⣿⣿[38;2;197;143;184m⣿⣶⣦⣄[38;2;220;180;115m⡈⠈⣷⣾⠁⢁[38;2;197;143;184m⣠⣴⣶⣿[38;2;156;190;128m⣿⣿⣛⣯⣭⣖⠒⠋⠉⠁⠀⠀⢀⣾⣿⡿⠁⠀⠀⠀⠀[0m
⠀⠀⠀⠀⠀⠀[38;2;156;190;128m⠻⣿⣿⣦⡀⠐⠒⠶⠶[38;2;239;146;104m⣿⣀⣿[38;2;156;190;128m⣦⣍⣉⣛⣛⣿⣿⣿[38;2;197;143;184m⣿[38;2;220;180;115m⣾⣷[38;2;197;143;184m⣿[38;2;156;190;128m⣿⣿⣿⣛⣛⣉⣉⣴[38;2;239;146;104m⣿⣀⣿[38;2;220;180;115m⠶[38;2;156;190;128m⠶⠒⠂⢀⣴⣿⣿⠟⠀⠀⠀⠀⠀⠀[0m
⠀⠀⠀⠀⠀⠀⠀[38;2;156;190;128m⠈⠻⣿⣿⣦⣀⠀⠀⠀[38;2;239;146;104m⠉⠀⠀⠀[38;2;156;190;128m⢀⣀⣭⣭⣿⣿⡿[38;2;220;180;115m⣿⣿[38;2;156;190;128m⢿⣿⣿⣭⣭⣀⡀⠀⠀⠀[38;2;239;146;104m⠉⠀⠀⠀[38;2;156;190;128m⣀⣴⣿⣿⠟⠁⠀⠀⠀⠀⠀⠀⠀[0m
⠀⠀⠀⠀⠀⠀⠀⠀⠀[38;2;156;190;128m⠈⠛⢿⣿⣿⣶⣤⣤⣶⣾⣿⣿⣿⣿⣿⣿[38;2;127;182;196m⣿⣶[38;2;220;180;115m⣿⣿[38;2;127;182;196m⣶⣿[38;2;156;190;128m⣿⣿⣿⣿⣿⣿⣷⣶⣤⣤⣶⣿⣿⡿⠛⠁⠀⠀⠀⠀⠀⠀⠀⠀⠀[0m
⠀⠀⠀⠀⠀⠀⠀⠀⠀⠀⠀⠀[38;2;127;182;196m⠈⣿⣿⠿⠿⠿⢿⣿⣿⠿⠟⢛⡏⢹⣿[38;2;239;146;104m⢻⡟[38;2;127;182;196m⣿⡏⢹⡛⠻⠿⣿⣿⡿⠿⠿⠿⣿⣿⠁⠀⠀⠀⠀⠀⠀⠀⠀⠀⠀⠀⠀[0m
⠀⠀⠀⠀⠀⠀⠀⠀⠀⠀⠀⠀⠀[38;2;127;182;196m⠙⢿⣷⣄⣀[38;2;220;180;115m⠘⠳⠛[38;2;156;190;128m⢀⠞[38;2;127;182;196m⣡⣴⡿⠃[38;2;239;146;104m⠈⠁[38;2;127;182;196m⠘⢿⣦⣌[38;2;156;190;128m⠳⡀[38;2;220;180;115m⠛⠞⠃[38;2;127;182;196m⣀⣠⣾⡿⠋⠀⠀⠀⠀⠀⠀⠀⠀⠀⠀⠀⠀⠀[0m
⠀⠀⠀⠀⠀⠀[38;2;220;180;115m⠄⠀⠀⠀⠀⠀⠀⠀⠀[38;2;127;182;196m⠙⠻⠿⣿⣿⣿[38;2;156;190;128m⣿[38;2;127;182;196m⠛⠋⠁⠀⠀⠀⠀⠀⠀⠈⠙⠛[38;2;156;190;128m⣿[38;2;127;182;196m⣿⣿⣿⠿⠟⠋⠀⠀⠀⠀⠀⠀⠀⠀[38;2;220;180;115m⠠⠀⠀⠀⠀⠀⠀[0m
⠀⠀⠀⠀⠀⠀⠀⠀⠀⠀⠀⠀⠀⠀⠀⠀⠀⠀⠀[38;2;127;182;196m⠹[38;2;156;190;128m⣿[38;2;127;182;196m⣿⡀⠀⠀⠀⠀⠀⠀⠀⠀⠀⠀⢀⣿[38;2;156;190;128m⣿[38;2;127;182;196m⠏⠀⠀⠀⠀⠀⠀⠀⠀⠀⠀⠀⠀⠀⠀⠀⠀⠀⠀⠀[0m
⠀⠀⠀⠀⠀⠀⠀⠀⠀⠀⠀⠀⠀⠀⠀⠀⠀⠀⠀⠀[38;2;127;182;196m⣿⣿⡇⠀⠀⠀⠀⠀⠀⠀⠀⠀⠀⢸⣿⣿⠀⠀⠀⠀⠀⠀⠀⠀⠀⠀⠀⠀⠀⠀⠀⠀⠀⠀⠀⠀[0m
⠀⠀⠀⠀⠀⠀⠀⠀⠀⠀⠀⠀⠀⠀⠀⠀⠀⠀⠀[38;2;127;182;196m⣸⣿⡿⠀⠀⠀⠀⠀⠀⠀⠀⠀⠀⠀⠀⢿⣿⣇⠀⠀⠀⠀⠀⠀⠀⠀⠀⠀⠀⠀⠀⠀⠀⠀⠀⠀⠀[0m
⠀⠀⠀⠀⠀⠀⠀⠀⠀⠀⠀⠀⠀[38;2;127;182;196m⢳⣤⣀⣀⣠⣶⣿⠟⠁⠀⠀⠀⠀⠀⠀⠀⠀⠀⠀⠀⠀⠈⠻⣿⣶⣄⣀⣀⣤⡞⠀⠀⠀⠀⠀⠀⠀⠀⠀⠀⠀⠀⠀[0m
⠀⠀⠀⠀⠀⠀⠀⠀⠀⠀⠀⠀⠀⠀[38;2;127;182;196m⠉⠛⠛⠛⠋⠁⠀⠀⠀⠀⠀⠀⠀⠀⠀⠀⠀⠀⠀⠀⠀⠀⠈⠙⠛⠛⠛⠉⠀⠀⠀⠀⠀⠀⠀⠀⠀⠀⠀⠀⠀⠀[0m
